[1,   100] loss: 2048.057
[1,   200] loss: 1328.051
[1,   300] loss: 1318.811
[1,   400] loss: 1269.275
[1,   500] loss: 1133.689
[1,   600] loss: 1245.385
[1,   700] loss: 1178.091
[1,   800] loss: 1255.534
[1,   900] loss: 1066.591
[1,  1000] loss: 1092.482
[1,  1100] loss: 1124.424
[1,  1200] loss: 1103.975
[1,  1300] loss: 1219.768
[1,  1400] loss: 1146.943
[1,  1500] loss: 1095.838
[1,  1600] loss: 1089.423
[1,  1700] loss: 1057.299
[1,  1800] loss: 1137.544
[1,  1900] loss: 1059.780
[1,  2000] loss: 1044.602
[1,  2100] loss: 1067.288
[1,  2200] loss: 1205.450
[1,  2300] loss: 1052.370
[1,  2400] loss: 982.646
[1,  2500] loss: 1163.234
[1,  2600] loss: 1192.100
[1,  2700] loss: 1177.217
[1,  2800] loss: 1092.338
[1,  2900] loss: 1222.785
[1,  3000] loss: 1170.611
[1,  3100] loss: 1153.781
[1,  3200] loss: 1249.089
[1,  3300] loss: 989.716
[1,  3400] loss: 1106.090
[1,  3500] loss: 1087.476
[1,  3600] loss: 1100.221
[1,  3700] loss: 1093.038
[1,  3800] loss: 1199.005
[1,  3900] loss: 1018.834
[1,  4000] loss: 1152.947
[1,  4100] loss: 1105.131
[1,  4200] loss: 1119.715
[1,  4300] loss: 1043.641
[1,  4400] loss: 1138.293
[1,  4500] loss: 919.035
[1,  4600] loss: 1020.026
[1,  4700] loss: 1067.660
[1,  4800] loss: 1070.815
[1,  4900] loss: 992.965
[1,  5000] loss: 1090.628
[1,  5100] loss: 967.569
[1,  5200] loss: 998.688
[1,  5300] loss: 1271.956
[1,  5400] loss: 857.000
[1,  5500] loss: 975.803
[1,  5600] loss: 1118.534
[1,  5700] loss: 1096.811
[1,  5800] loss: 989.901
[1,  5900] loss: 1138.950
[1,  6000] loss: 1114.965
[1,  6100] loss: 1106.497
[1,  6200] loss: 873.757
[1,  6300] loss: 1028.614
[1,  6400] loss: 1184.807
[1,  6500] loss: 1065.849
[1,  6600] loss: 964.542
[1,  6700] loss: 1269.953
[1,  6800] loss: 1099.475
[1,  6900] loss: 986.669
[1,  7000] loss: 1004.908
[1,  7100] loss: 1054.416
[1,  7200] loss: 1062.958
[1,  7300] loss: 973.585
[1,  7400] loss: 1111.244
[1,  7500] loss: 1035.941
[1,  7600] loss: 1054.773
[1,  7700] loss: 1029.800
[1,  7800] loss: 1133.359
[1,  7900] loss: 916.846
[1,  8000] loss: 785.005
[1,  8100] loss: 1001.746
[1,  8200] loss: 965.748
[1,  8300] loss: 1049.505
[1,  8400] loss: 915.977
[1,  8500] loss: 1104.100
[1,  8600] loss: 1082.715
[1,  8700] loss: 1000.816
[1,  8800] loss: 1102.249
[1,  8900] loss: 924.643
[1,  9000] loss: 1106.925
[1,  9100] loss: 1187.035
[1,  9200] loss: 1119.912
[1,  9300] loss: 940.161
[1,  9400] loss: 1054.498
[1,  9500] loss: 1107.996
[1,  9600] loss: 1043.484
[1,  9700] loss: 977.792
[1,  9800] loss: 927.710
[1,  9900] loss: 1141.489
[1, 10000] loss: 1035.882
[1, 10100] loss: 1266.538
[1, 10200] loss: 879.351
[1, 10300] loss: 938.669
[1, 10400] loss: 1086.518
[1, 10500] loss: 1062.549
[1, 10600] loss: 1020.353
[1, 10700] loss: 1162.323
[1, 10800] loss: 988.056
[1, 10900] loss: 954.128
[1, 11000] loss: 1248.709
[1, 11100] loss: 981.397
[1, 11200] loss: 920.994
[1, 11300] loss: 849.957
[1, 11400] loss: 991.093
[1, 11500] loss: 964.258
[1, 11600] loss: 1040.593
[1, 11700] loss: 962.190
[1, 11800] loss: 880.193
[1, 11900] loss: 1034.993
[1, 12000] loss: 1008.204
[1, 12100] loss: 913.472
[1, 12200] loss: 1042.286
[1, 12300] loss: 1050.099
[1, 12400] loss: 1048.374
[1, 12500] loss: 950.181
[1, 12600] loss: 836.548
[1, 12700] loss: 1023.429
[1, 12800] loss: 950.718
[1, 12900] loss: 1011.256
[1, 13000] loss: 899.962
[1, 13100] loss: 990.013
[1, 13200] loss: 977.128
[1, 13300] loss: 1012.562
[1, 13400] loss: 960.022
[1, 13500] loss: 1423.156
[1, 13600] loss: 1120.303
[1, 13700] loss: 1136.957
[1, 13800] loss: 959.935
[1, 13900] loss: 870.778
[1, 14000] loss: 987.212
[1, 14100] loss: 1095.246
[1, 14200] loss: 980.462
[1, 14300] loss: 1043.584
[1, 14400] loss: 1030.336
[1, 14500] loss: 1055.672
[1, 14600] loss: 917.370
[1, 14700] loss: 955.492
[1, 14800] loss: 1163.784
[1, 14900] loss: 1097.181
[1, 15000] loss: 970.228
[1, 15100] loss: 949.871
[1, 15200] loss: 1195.985
[1, 15300] loss: 1000.869
[1, 15400] loss: 968.504
[1, 15500] loss: 1104.982
[1, 15600] loss: 902.913
[1, 15700] loss: 1048.126
[1, 15800] loss: 1074.748
[1, 15900] loss: 980.090
[1, 16000] loss: 1059.830
[1, 16100] loss: 986.438
[1, 16200] loss: 1054.526
[1, 16300] loss: 1178.718
[1, 16400] loss: 1028.257
[1, 16500] loss: 989.568
[1, 16600] loss: 1032.685
[1, 16700] loss: 1083.944
[1, 16800] loss: 1163.648
[1, 16900] loss: 985.074
[1, 17000] loss: 1025.725
[1, 17100] loss: 983.773
[1, 17200] loss: 895.083
[1, 17300] loss: 1105.260
[1, 17400] loss: 917.996
[1, 17500] loss: 1094.184
[1, 17600] loss: 819.736
[1, 17700] loss: 1106.332
[1, 17800] loss: 982.687
[1, 17900] loss: 1107.764
[1, 18000] loss: 1284.692
[1, 18100] loss: 1106.385
[1, 18200] loss: 1197.631
[1, 18300] loss: 934.769
[1, 18400] loss: 1067.300
[1, 18500] loss: 1089.413
[1, 18600] loss: 1036.211
[1, 18700] loss: 1003.168
[1, 18800] loss: 1148.007
[1, 18900] loss: 1084.794
[1, 19000] loss: 956.151
[1, 19100] loss: 1036.160
[1, 19200] loss: 1014.463
[1, 19300] loss: 1029.832
[1, 19400] loss: 1158.756
[1, 19500] loss: 1052.052
[1, 19600] loss: 989.410
[1, 19700] loss: 1104.800
[1, 19800] loss: 1040.613
[1, 19900] loss: 928.513
[1, 20000] loss: 986.372
[1, 20100] loss: 1021.255
[1, 20200] loss: 1059.166
[1, 20300] loss: 1044.182
[1, 20400] loss: 1055.233
[1, 20500] loss: 1049.298
[1, 20600] loss: 923.510
[1, 20700] loss: 1094.310
[1, 20800] loss: 997.321
[1, 20900] loss: 912.458
[1, 21000] loss: 926.657
[1, 21100] loss: 958.769
[1, 21200] loss: 1022.830
[1, 21300] loss: 1289.833
[1, 21400] loss: 949.708
[1, 21500] loss: 981.234
[1, 21600] loss: 974.989
[1, 21700] loss: 1092.166
[1, 21800] loss: 911.130
[1, 21900] loss: 971.571
[1, 22000] loss: 1074.571
[1, 22100] loss: 948.524
[1, 22200] loss: 1041.759
[1, 22300] loss: 795.356
[1, 22400] loss: 1177.456
[1, 22500] loss: 1065.121
[1, 22600] loss: 1070.526
[1, 22700] loss: 944.248
[1, 22800] loss: 1021.086
[1, 22900] loss: 865.965
[1, 23000] loss: 981.001
[1, 23100] loss: 921.650
[1, 23200] loss: 1073.985
[1, 23300] loss: 1072.435
[1, 23400] loss: 1127.441
[1, 23500] loss: 1032.041
[1, 23600] loss: 935.730
[1, 23700] loss: 1212.046
[1, 23800] loss: 1080.030
[1, 23900] loss: 1042.835
[1, 24000] loss: 1062.880
[1, 24100] loss: 1063.155
[1, 24200] loss: 1107.057
[1, 24300] loss: 921.378
[1, 24400] loss: 1152.401
[1, 24500] loss: 1083.370
[1, 24600] loss: 1121.328
[1, 24700] loss: 1057.682
[1, 24800] loss: 913.563
[1, 24900] loss: 977.713
[1, 25000] loss: 950.451
[1, 25100] loss: 1082.243
[1, 25200] loss: 975.500
[1, 25300] loss: 1059.817
[1, 25400] loss: 1010.880
[1, 25500] loss: 956.544
[1, 25600] loss: 946.193
[1, 25700] loss: 1147.805
[1, 25800] loss: 1123.411
[1, 25900] loss: 1014.538