3356.491943359375
1164.5960693359375
685.62890625
587.3268432617188
569.8150634765625
543.7756958007812
422.98504638671875
401.7008056640625
403.11187744140625
445.95391845703125
509.19512939453125
475.2177429199219
485.2198486328125
325.24969482421875
359.3573303222656
377.013427734375
282.34307861328125
317.9278869628906
317.5188293457031
374.1137390136719
472.2192687988281
389.3497009277344
356.95672607421875
262.9992980957031
307.18499755859375
326.4598693847656
234.66287231445312
289.92364501953125
249.90452575683594
294.908447265625
337.08221435546875
311.4866943359375
324.3399963378906
216.74038696289062
293.07757568359375
284.8676452636719
209.5268096923828
239.63702392578125
176.01486206054688
269.174072265625
286.0155944824219
301.4945373535156
284.2640686035156
223.24888610839844
261.7921447753906
486.6136474609375
235.87832641601562
180.02496337890625
302.99188232421875
245.73976135253906
