
3355.293212890625
1389.27001953125
86612.2890625
1448.478759765625
3394.23681640625
4146.357421875
4015.123779296875
4250.37646484375
3400.546875
3213.93408203125
3083.145263671875
2431.387939453125
1790.549560546875
2201.915283203125
1786.2208251953125
1613.2774658203125
1430.5579833984375
1724.2659912109375
1590.2276611328125
1170.1082763671875
1297.2662353515625
1156.985107421875
1129.0162353515625
1175.869384765625
1158.48583984375
1146.75341796875
1089.1121826171875
941.71484375
1012.5046997070312
879.21435546875
750.298828125
686.9017944335938
829.6502075195312
771.6715698242188
946.302001953125
757.7015380859375
799.8546752929688
954.9188842773438
1001.809326171875
665.693359375
896.4512329101562
833.5281372070312
774.28662109375
696.9035034179688
951.135009765625
760.3411865234375
686.597900390625
670.8507690429688
696.701171875
652.73388671875
494.3561706542969
418.2992248535156
627.2782592773438
472.3240966796875
592.7994384765625
548.9120483398438
557.4105224609375
556.060302734375
676.225341796875
519.6292114257812
576.9137573242188
559.6847534179688
627.5580444335938
498.669189453125
698.4696655273438
513.5892333984375
431.940185546875
511.3624267578125
458.01251220703125
420.9281311035156
305.6289367675781
257.6142578125
384.6016845703125
283.4205017089844
464.9583740234375
383.2889404296875
381.5763244628906
351.3173828125
441.4920959472656
380.00390625
404.97247314453125
391.61065673828125
545.73779296875
388.2633056640625
463.9617919921875
402.2996520996094
321.8998107910156
340.546630859375
344.88592529296875
330.4463195800781
279.3109436035156
161.31597900390625
340.50018310546875
252.82786560058594
311.5643310546875
287.39630126953125
341.2118225097656
240.24871826171875
294.878662109375
471.5152587890625
